begin remote

  name  aircon
  flags RAW_CODES
  eps            30
  aeps          100

  gap          19991

      begin raw_codes

          name 16c
              616     3434      660     1590      663      574
              661      577      661      581      663      574
              662      575      660     1594      662     1592
              663      576      659      579      656      580
              662      580      663      575      660      580
              658      580      659      581      659      579
              662      577      660      577      660      582
              662      575      664      578      656      578
              664      577      663      576      656      580
              664      575      656      586      656      580
              659      580      659      578      660      582
              660      579      656      581      660      578
              631      612      631      605      655      583
              661      578      658      582      632      606
              658      579      656      582      656     1601
              658      577      649      589      659      579
              631      611      630      607      656      582
              657     1595      628     1624      649     3699
              408

          name 17c
              620     3433      660     1590      662      576
              661      576      663      580      661      576
              663      573      666     1593      657     1592
              662      575      662      576      664      575
              663      577      662      577      662      576
              665      573      660      581      661      577
              663      574      661      576      661      583
              663      575      664      574      659      580
              662      578      662      576      665      573
              659      578      661      581      665      574
              664      574      659      578      660      581
              663      574      661      578      662      575
              659      583      661      576      661      576
              666      571      661      580      663      576
              660      578      660      578      661     1595
              663      578      662      573      662      576
              661     1596      661      575      660      578
              664     1589      662      573      649     3459
              650

          name 18c
              573     3510      562     1686      566      642
              595      642      595      647      595      642
              596      642      596     1653      597     1585
              671      641      595      642      595      643
              595      647      595      644      597      640
              595      642      596      647      595      642
              595      643      595      642      595      646
              595      646      592      642      595      642
              595      646      596      642      595      642
              595      643      596      646      595      642
              595      643      595      642      596      646
              595      642      596      642      595      642
              595      646      596      642      596      641
              596      642      595      647      596      641
              596      643      595      642      595     1665
              595      638      596      642      596     1655
              596      646      595      642      595      642
              595      642      596     1685      516     3562
              546

          name 19c
              616     3430      665     1588      669      570
              664      572      663      579      664      572
              666      572      666     1590      663     1593
              663      571      665      572      665      572
              667      576      666      573      665      572
              666      573      664      578      667      571
              665      571      668      570      675      567
              666      572      666      572      665      574
              665      580      659      575      665      571
              666      571      667      576      666      571
              668      571      665      572      665      585
              659      571      665      575      665      571
              664      579      665      571      666      571
              668      571      665      577      670      582
              652      571      666      572      664     1595
              664      572      666      571      666     1592
              662     1590      665      571      666      573
              667      570      667      570      626     3483
              625

          name 20c
              618     3460      637     1588      664      572
              665      573      664      577      666      572
              667      573      664     1587      667     1593
              664      569      664      575      665      573
              665      578      665      571      667      572
              665      575      663      578      666      571
              666      574      663      574      667      575
              662      575      665      573      667      575
              661      577      666      573      666      572
              666      572      665      576      667      573
              665      572      667      571      666      576
              667      571      666      572      666      572
              662      580      666      570      667      572
              665      572      667      575      666      572
              666      571      666      575      664     1591
              665      572      666     1590      663      571
              666      576      667     1587      665     1586
              667     1586      667     1581      627     3485
              622

          name 21c
              591     3433      663     1587      663      575
              666      572      666      578      663      573
              665      574      665     1589      665     1590
              665      573      664      574      667      570
              664      578      664      574      663      575
              664      573      665      577      666      572
              666      571      667      572      663      578
              663      574      665      573      664      574
              665      578      665      572      665      573
              666      573      663      578      666      572
              666      573      664      573      665      577
              665      574      666      572      666      572
              666      577      664      573      666      573
              665      572      666      576      664      574
              665      574      667      572      663     1593
              664      572      665     1588      664      573
              665     1592      664     1589      663     1589
              664     1587      666      572      623     3514
              619

          name 22c
              617     3431      665     1587      664      570
              669      573      663      577      663      575
              666      573      665     1587      663     1597
              662      579      659      570      667      572
              664      578      665      572      667      573
              665      572      665      576      665      573
              665      574      665      571      667      576
              666      572      666      572      666      572
              663      579      664      573      670      568
              666      571      665      577      665      573
              664      573      665      572      666      575
              665      574      666      572      666      572
              666      576      665      573      666      573
              665      572      665      575      667      571
              666      574      665      570      664     1593
              664      572      667     1585      667     1616
              637      574      665     1586      666     1586
              667      572      664     1587      627     3480
              648

          name 23c
              590     3430      664     1588      668      569
              666      572      662      578      666      572
              666      573      667     1588      662     1595
              662      573      661      577      665      572
              666      576      666      572      665      572
              665      574      663      580      664      572
              662      575      663      582      655      580
              661      576      661      576      663      575
              666      581      661      572      664      575
              665      571      666      576      665      573
              663      575      661      577      663      577
              665      574      664      573      665      572
              665      578      664      573      665      574
              663      573      661      581      673      565
              666      573      665      572      664     1592
              664      572      664     1586      669     1584
              660     1595      665     1586      661     1593
              663      573      665      571      625     3483
              636

          name 24c
              589     3433      664     1586      660      576
              662      577      663      578      666      572
              663      574      664     1593      658     1595
              659      577      665      573      664      574
              665      576      666      573      661      577
              664      573      662      579      663      575
              663      575      660      577      662      578
              663      576      663      578      660      574
              665      578      664      573      664      573
              665      573      662      578      666      574
              662      578      659      574      664      577
              665      574      664      573      666      574
              663      578      665      573      662      576
              663      575      666      574      665      575
              665      571      665      570      664     1595
              662     1594      657      575      662      575
              665      578      663     1590      664      573
              663     1590      663     1587      649     3461
              646

          name 25c
              573     3477      621     1629      622      616
              621      619      621      619      623      614
              623      615      622     1631      622     1635
              622      615      648      590      622      615
              622      620      622      616      622      615
              622      616      621      620      622      615
              625      614      623      615      622      620
              644      593      623      614      623      616
              622      620      620      618      627      612
              622      615      623      620      622      615
              646      592      645      592      622      620
              622      616      623      615      623      615
              623      619      622      616      621      616
              623      614      623      619      622      616
              622      630      609      616      621     1635
              621     1629      622      616      622      615
              622     1640      618     1632      620      615
              622     1632      620      615      547     3564
              544

          name 26c
              618     3431      665     1585      668      570
              666      571      666      576      665      572
              666      571      667     1586      664     1591
              669      812      425      571      667      572
              666      575      666      571      666      571
              668      572      666      575      668      571
              665      572      665      573      679      562
              667      572      667      571      667      571
              665      576      671      566      667      572
              664      571      667      575      666      572
              666      571      667      570      667      576
              665      571      666      572      667      571
              667      575      665      572      665      573
              666      571      666      575      672      567
              670      568      664      572      666     1598
              658     1586      666      572      666     1589
              663      575      667     1586      664      573
              663      576      663     1586      624     3484
              648

          name 27c
              587     3434      628     1622      631      608
              629      610      630      611      633      605
              657      581      639     1616      630     1625
              631      608      655      584      658      579
              630      614      632      605      631      606
              658      580      656      587      656      582
              632      606      655      582      657      586
              658      579      658      579      661      577
              659      583      663      576      662      577
              659      579      657      586      662      576
              661      578      660      578      658      582
              664      576      660      579      660      577
              660      582      663      574      661      577
              663      577      663      579      660      577
              658      584      661      575      663     1595
              660     1589      662      578      663     1591
              661     1595      662     1590      661      577
              661      577      661      576      641     3500
              616

          name 28c
              567     3480      615     1638      616      620
              618      621      616      628      614      621
              617      621      618     1634      596     1661
              618      619      619      620      617      621
              617      625      619      619      595      642
              617      620      618      624      596      642
              617      620      620      622      614      623
              616      622      618      620      618      620
              617      624      616      621      596      642
              601      637      617      625      617      621
              617      620      617      621      596      646
              616      621      617      621      618      620
              595      646      614      623      596      642
              596      641      596      646      618      619
              595      643      617      628      591     1689
              586     1635      617     1634      617      622
              595      646      618      620      595     1657
              595     1659      593     1658      624     3484
              623

          name 29c
              641     3411      628     1621      629      608
              630      609      629      616      625      610
              628      611      629     1624      628     1627
              630      607      630      609      629      609
              626      616      626      611      629      609
              628      610      626      616      629      609
              603      635      630      610      630      611
              628      609      627      611      627      611
              603      640      627      610      629      610
              632      605      629      614      628      611
              628      608      630      608      627      616
              627      610      628      610      603      635
              603      639      629      609      627      612
              627      610      603      639      628      610
              603      635      628      610      603     1654
              603     1648      628     1628      626      610
              627     1637      619      612      603     1650
              628     1627      627      608      651     3460
              649

          name 30c
              547     3503      596     1656      595      639
              598      640      600      642      600      638
              598      640      598     1653      600     1661
              597      638      599      639      599      640
              600      642      599      639      599      638
              600      638      603      639      599      638
              600      638      601      638      600      642
              600      637      601      637      600      637
              603      640      599      638      600      639
              600      637      602      639      601      637
              600      638      599      639      600      642
              601      636      600      638      601      637
              602      640      602      636      602      637
              601      637      600      645      601      635
              602      636      600      637      602     1655
              602     1651      600     1654      599     1650
              600      640      601      637      601     1651
              600      637      602     1651      649     3459
              650

          name off
              610     3465      601     1621      630      608
              628      610      627      614      633      607
              627      612      631      607      630      612
              628      610      626      612      630      608
              631      611      631      609      601      634
              630      608      629      613      630      608
              631      608      628      609      629      612
              632      608      631      606      626      612
              627      615      630      608      629      608
              629      609      628      613      628      610
              628      608      628      610      631      612
              626      611      629      609      631      607
              628      614      630      609      630      609
              630      607      630      611      629      608
              630      607      630      608      628     1632
              626      607      625      613      629      608
              632      611      630      608      631     1622
              628     1623      631      607      650     3461
              647

          name fan
              620     3408      660     1575      662      567
              660      570      661      572      661      568
              662      565      662     1576      659     1579
              661      569      661      568      661      568
              661      572      673      557      662      567
              661      566      662      572      660      568
              661      567      663      566      662      572
              661      570      658      567      661      569
              659      574      659      568      662      566
              662      567      661      571      660      571
              660      566      662      567      661      572
              660      568      661      568      660      567
              659      573      661      566      661      575
              655     1574      663     1578      662      567
              662     1574      662      565      663      571
              661     1574      662      567      662      567
              662     1579      661      567      661     1575
              660      568      661      567      646     3435
              645

      end raw_codes

end remote