begin remote

  name  aircon
  flags RAW_CODES
  eps            30
  aeps          100

  gap          19991

      begin raw_codes

          name 17c
              3697     2384      638      554      645     1744
              639     1746      640     1746      640      554
              642      555      640      558      638      555
              641      553      642      554      642      555
              641      552      643      556      639      555
              642      553      643      553      643     1746
              639      554      642      555      641     1746
              640     1751      636      553      643      553
              642      554      642      553      644      554
              642     1744      642      553      643      553
              642      555      641     1727      640     8597
              3625     2385      638      554      642     1743
              643     1744      642     1743      642      554
              643      552      643      555      641      554
              642      554      643      553      642      553
              642      556      641      554      651      546
              641      554      641      553      643     1744
              642      555      641      553      647     1743
              638     1746      640      554      642      554
              641      554      642      554      640      555
              642     1748      639      554      642      553
              642      554      643     1727      640

          name 18c
              3518     2454      568      625      571     1813
              572     1817      569     1821      565      623
              573      624      572      623      573      623
              572      624      595      599      596      601
              573      625      569      626      595      600
              598      597      572      623      594     1799
              565      623      571      623      597     1794
              594     1790      593      603      571      623
              595      601      596      599      605      591
              599      596      598     1792      592      598
              598      597      601     1770      594     8649
              3579     2449      565      600      600     1787
              598     1789      596     1794      593      598
              599      597      600      595      601      595
              602      593      601      593      602      595
              602      593      626      570      628      568
              601      594      602      593      600     1787
              629      565      628      569      600     1787
              597     1790      599      595      600      595
              602      593      603      594      626      569
              627      569      627     1760      599      596
              600      596      601     1767      599

          name 19c
              3620     2385      637      554      642     1747
              639     1748      638     1745      641      557
              638      554      642      555      641      554
              641      554      641      554      642      554
              640      554      642      554      644      554
              641      553      642      554      641     1747
              639      554      642      553      642     1747
              638     1746      640      557      639      554
              642      554      641      554      643      554
              642     1747      639     1744      642      555
              641      554      642     1728      639     8592
              3632     2380      639      555      641     1748
              638     1744      642     1745      641      555
              641      555      640      555      641      554
              642      553      642      554      641      555
              642      553      643      553      641      554
              642      554      641      555      642     1745
              641      554      643      552      642     1745
              640     1746      641      555      640      554
              642      555      641      555      640      554
              641     1776      610     1747      640      554
              641      556      640     1728      640

          name 20c
              3620     2383      637      557      639     1748
              638     1748      640     1745      637      559
              638      557      638      558      637      559
              638      556      640      556      639      563
              634      555      639      556      638      557
              640      556      639      557      661     1725
              637      561      636      555      640     1748
              637     1749      637      557      639      557
              640      556      640      555      640      556
              638      556      641      556      640     1747
              639      556      639     1734      636     8624
              3601     2410      608      557      640     1747
              638     1748      662     1723      638      556
              640      556      640      555      641      555
              639      557      664      531      664      531
              640      556      640      555      663      534
              638      556      664      531      641     1748
              637      557      639      556      639     1751
              635     1749      638      556      662      538
              635      558      639      557      639      556
              639      557      639      555      641     1748
              638      557      640     1730      660

          name 21c
              3617     2383      641      552      641     1745
              641     1745      642     1743      642      553
              645      552      641      554      642      554
              642      553      643      553      642      554
              642      553      642      553      642      555
              650      546      641      554      642     1745
              641      555      642      551      642     1747
              644     1742      639      555      641      553
              642      554      642      554      642      554
              642     1746      640      553      642     1745
              641      554      641     1730      637     8601
              3626     2379      639      554      641     1746
              641     1745      640     1748      638      554
              642      553      643      555      640      554
              641      555      641      555      641      554
              644      555      640      555      640      566
              630      555      640      554      642     1744
              641      554      642      560      637     1745
              641     1747      640      555      640      554
              642      554      642      554      641      555
              641     1746      640      555      641     1747
              639      554      642     1729      640

          name 22c
              3590     2385      641      553      642     1746
              641     1746      641     1729      659      554
              646      551      642      553      643     1748
              640      555      642      554      642      556
              641      554      642      557      641      555
              642      553      643      556      642     1743
              643      556      641      555      641     1751
              638     1749      638      555      641      555
              642      555      641      555      642      554
              642      554      642     1748      640     1747
              640      555      643     1730      639     8629
              3599     2414      610      555      643     1744
              643     1748      639     1747      641      555
              642      553      643      554      642     1746
              641      553      651      549      641      555
              641      555      642      555      642      555
              640      556      641      555      641     1780
              609      553      643      557      639     1749
              638     1748      640      555      641      555
              642      555      642      554      642      555
              641      554      642     1750      637     1748
              653      541      643     1727      641

          name 23c
              3617     2382      641      554      641     1745
              642     1744      642     1744      641      554
              645      551      641      555      641      554
              642      555      640      554      642      555
              640      554      642      555      649      547
              641      554      641      555      641     1744
              642      553      641      555      651     1737
              639     1745      642      553      642      555
              641      553      643      553      643      554
              641     1747      639     1745      641     1745
              642      555      642     1726      641     8595
              3627     2381      641      555      641     1746
              641     1748      637     1745      641      556
              641      552      643      555      641      554
              642      554      642      555      640      557
              640      554      642      554      641      554
              643      553      641      555      641     1746
              644      550      641      554      641     1745
              641     1745      641      555      641      554
              642      555      642      553      642      554
              641     1746      641     1745      640     1747
              640      559      637     1725      642

          name 24c
              3619     2383      640      555      640     1749
              637     1746      640     1747      640      555
              641      555      640      557      639      556
              643      552      641      555      641      554
              640      556      642      553      642      554
              641      553      642      556      640     1747
              638      556      640      554      641     1745
              641     1746      641      555      644      550
              642      556      640      554      641      554
              642      556      640      555      640      556
              640     1748      639     1726      640     8628
              3596     2382      639      558      643     1743
              639     1745      641     1746      640      555
              641      556      639      554      642      554
              642      554      641      554      640      555
              641      555      641      555      641      555
              640      555      642      554      642     1748
              662      531      640      555      641     1747
              638     1751      635      557      639      556
              639      557      663      531      641      554
              640      555      640      555      641      560
              636     1749      661     1704      641

          name 25c
              3619     2383      638      556      662     1726
              637     1777      633     1721      641      556
              640      554      641      556      642      552
              641      555      641      555      640      555
              666      530      641      555      640      555
              641      555      640      556      642     1746
              639      555      640      556      640     1745
              641     1746      639      556      640      554
              641      555      641      555      641      556
              639     1747      639      556      640      555
              641     1746      639     1728      640     8598
              3625     2388      633      554      666     1722
              641     1745      665     1722      664      535
              635      556      639      556      639      556
              641      555      643      552      641      555
              641      553      642      555      641      553
              643      555      664      532      646     1740
              639      555      641      555      640     1747
              673     1716      636      555      640      555
              640      556      641      556      664      531
              641     1750      635      554      642      554
              642     1746      664     1705      662

          name 26c
              3621     2382      639      555      640     1764
              624     1746      639     1746      640      556
              640      554      641      556      640      553
              643      557      639      555      640      556
              641      554      642      554      641      555
              666      529      641      554      641     1750
              637      555      640      556      640     1747
              662     1724      639      555      644      550
              641      554      642      562      635      553
              642      554      641     1747      638      557
              640     1748      637     1727      642     8625
              3597     2382      662      536      638     1745
              640     1748      639     1746      640      555
              641      555      641      553      641      555
              640      554      643      554      642      553
              641      556      640      556      641      554
              650      545      644      553      640     1747
              665      530      640      556      640     1746
              639     1752      660      535      677      515
              639      556      649      544      643      554
              640      556      641     1745      666      531
              640     1748      639     1729      638

          name 27c
              3615     2387      637      556      640     1749
              637     1747      639     1750      637      556
              638      557      640      556      637      557
              642      555      637      558      638      557
              639      556      638      561      637      557
              637      557      637      558      637     1750
              638      557      638      555      641     1750
              636     1749      638      562      633      556
              639      559      638      557      638      558
              637     1748      638     1749      637      557
              639     1750      635     1733      636     8598
              3622     2392      632      557      639     1749
              637     1748      639     1746      639      557
              638      556      639      556      638      559
              637      557      640      558      635      557
              640      557      636      561      639      558
              637      557      636      560      638     1748
              637      562      633      558      638     1753
              635     1747      638      559      637      561
              634      560      636      558      638      556
              638     1752      635     1751      634      560
              637     1754      633     1733      636

          name 28c
              3617     2384      635      561      634     1751
              636     1752      632     1752      636      559
              638      559      637      557      639      558
              638      557      639      557      639      558
              637      557      639      557      638      559
              637      557      637      561      636     1753
              633      558      636      559      638     1751
              633     1755      633      559      637      559
              638      556      638      559      638      558
              636      558      638      557      637     1749
              636     1768      620     1731      637     8605
              3618     2388      632      561      640     1746
              660     1729      636     1750      633      560
              638      559      635      560      638      558
              659      535      638      560      636      559
              636      561      659      538      635      556
              638      564      632      558      638     1749
              636      558      638      558      661     1727
              634     1750      637      558      661      535
              638      559      637      557      638      559
              636      558      640      558      636     1751
              636     1751      634     1731      642

          name 29c
              3620     2382      636      560      635     1751
              634     1754      633     1752      632      562
              633      562      635      560      661      535
              632      563      660      536      637      557
              639      564      627      562      636      561
              638      557      636      560      635     1751
              634      560      636      564      658     1726
              635     1749      636      560      637      560
              634      560      638      559      634      560
              637     1749      636      560      633     1755
              634     1752      654     1714      631     8605
              3644     2362      634      561      636     1781
              603     1751      635     1751      635      560
              639      558      635      561      636      560
              637      556      640      558      638      558
              636      559      660      534      638      557
              639      557      640      557      639     1749
              633      561      637      558      637     1750
              662     1725      636      562      635      559
              637      558      638      558      661      534
              638     1750      663      540      652     1726
              637     1751      634     1736      632

          name 30c
              3618     2384      638      557      639     1749
              637     1748      638     1747      638      556
              640      556      639      556      639      557
              639      554      641      555      641      555
              641      556      639      556      639      556
              640      555      640      556      646     1743
              636      556      640      555      641     1746
              640     1746      640      560      635      556
              640      555      640      555      642      555
              640      555      640     1747      638     1748
              638     1746      640     1728      639     8599
              3647     2365      634      555      640     1746
              640     1748      637     1747      639      554
              640      555      640      555      640      556
              640      557      639      556      664      531
              641      556      640      557      642      552
              641      554      642      555      641     1748
              638      555      642      556      639     1751
              635     1746      639      557      639      556
              665      531      640      555      640      557
              639      554      664     1724      639     1749
              659     1726      638     1729      641

          name off
              3617     2385      637      556      639      559
              637     1750      636     1750      638      555
              639      557      639      557      638      555
              640      557      639      556      639      556
              663      534      652      543      648      547
              639      555      641      554      641     1747
              638      556      640      556      641     1750
              660     1721      640      555      641      555
              638      557      640      556      640      555
              641      556      639     1749      658      534
              640     1746      638     1731      662     8604
              3598     2381      638      556      640      556
              640     1748      638     1747      638      557
              639      556      640      558      639      555
              640      557      639      557      639      555
              641      555      640      556      638      556
              642      555      640      557      640     1776
              608      556      640      555      640     1758
              630     1746      639      556      639      556
              640      555      640      557      639      555
              642      553      642     1747      639      556
              639     1747      637     1730      640

          name fan
              3618     2381      641      554      642     1744
              644     1740      643     1745      641     1744
              642      555      641      555      641      556
              639      555      640      555      642      554
              641      554      641      554      642      554
              642      553      642      553      642     1747
              640      555      641      554      641     1746
              641     1747      644      549      642      553
              642      555      641      554      642      554
              642      554      641     1745      641      555
              640     1746      640     1728      640     8596
              3624     2387      636      555      640     1747
              639     1746      640     1746      640     1747
              639      556      640      555      641      552
              643      554      641      555      641      555
              641      554      643      553      642      554
              640      554      642      554      641     1745
              641      554      641      554      642     1745
              641     1747      640      555      641      554
              642      555      641      553      642      555
              644      550      642     1745      641      555
              641     1745      640     1727      641

      end raw_codes

end remote